race_id,umaban,horse_id,horse_name,waku,stable_comment,stable_comment_reporter,stable_comment_rating_code,training_review,training_date,training_course,training_track_condition,training_rider,training_times,training_partner_comment,training_position,training_load,training_critic,training_rank,past1_date,past1_venue,past1_finish,past1_race_name,past1_race_class,past1_surface_distance,past1_time,past1_track_condition,past1_field_size,past1_umaban_in_race,past1_ninki,past1_jockey,past1_weight_carried,past1_corner_positions,past1_agari_3f,past1_horse_weight,past1_horse_weight_diff,past1_beaten_by,past1_birthday,past2_date,past2_venue,past2_finish,past2_race_name,past2_race_class,past2_surface_distance,past2_time,past2_track_condition,past2_field_size,past2_umaban_in_race,past2_ninki,past2_jockey,past2_weight_carried,past2_corner_positions,past2_agari_3f,past2_horse_weight,past2_horse_weight_diff,past2_beaten_by,past2_birthday,past3_date,past3_venue,past3_finish,past3_race_name,past3_race_class,past3_surface_distance,past3_time,past3_track_condition,past3_field_size,past3_umaban_in_race,past3_ninki,past3_jockey,past3_weight_carried,past3_corner_positions,past3_agari_3f,past3_horse_weight,past3_horse_weight_diff,past3_beaten_by,past3_birthday,past4_date,past4_venue,past4_finish,past4_race_name,past4_race_class,past4_surface_distance,past4_time,past4_track_condition,past4_field_size,past4_umaban_in_race,past4_ninki,past4_jockey,past4_weight_carried,past4_corner_positions,past4_agari_3f,past4_horse_weight,past4_horse_weight_diff,past4_beaten_by,past4_birthday,past5_date,past5_venue,past5_finish,past5_race_name,past5_race_class,past5_surface_distance,past5_time,past5_track_condition,past5_field_size,past5_umaban_in_race,past5_ninki,past5_jockey,past5_weight_carried,past5_corner_positions,past5_agari_3f,past5_horse_weight,past5_horse_weight_diff,past5_beaten_by,past5_birthday,speed_horse_id,speed_horse_name,speed_sex_age,speed_jockey,speed_max_index,speed_avg_index_5races,speed_max_distance_index,speed_max_course_index,speed_index_3races_ago,speed_index_2races_ago,speed_index_1race_ago,speed_odds,speed_ninki,speed_weight_carried,holdtime_just_race_id,holdtime_just_race_name,holdtime_just_race_date,holdtime_just_jyo,holdtime_just_baba,holdtime_just_babasa,holdtime_just_kinryo,holdtime_just_time,holdtime_just_l3f,holdtime_just_jyuni,holdtime_just_kyakusitu,holdtime_just_wakuban,holdtime_just_pace,holdtime_just_sex,holdtime_just_age,holdtime_short_race_id,holdtime_short_race_name,holdtime_short_race_date,holdtime_short_jyo,holdtime_short_baba,holdtime_short_babasa,holdtime_short_kinryo,holdtime_short_time,holdtime_short_l3f,holdtime_short_jyuni,holdtime_short_kyakusitu,holdtime_short_wakuban,holdtime_short_pace,holdtime_short_sex,holdtime_short_age,holdtime_middle_race_id,holdtime_middle_race_name,holdtime_middle_race_date,holdtime_middle_jyo,holdtime_middle_baba,holdtime_middle_babasa,holdtime_middle_kinryo,holdtime_middle_time,holdtime_middle_l3f,holdtime_middle_jyuni,holdtime_middle_kyakusitu,holdtime_middle_wakuban,holdtime_middle_pace,holdtime_middle_sex,holdtime_middle_age,holdtime_long_race_id,holdtime_long_race_name,holdtime_long_race_date,holdtime_long_jyo,holdtime_long_baba,holdtime_long_babasa,holdtime_long_kinryo,holdtime_long_time,holdtime_long_l3f,holdtime_long_jyuni,holdtime_long_kyakusitu,holdtime_long_wakuban,holdtime_long_pace,holdtime_long_sex,holdtime_long_age,bias_horse_id,bias_horse_name,bias_sire,bias_sire_bloodline,bias_dam_sire,bias_dam_sire_bloodline,bias_sex_age,bias_weight_carried,bias_horse_weight,bias_jockey,bias_jockey_id,bias_jockey_allowance_mark,bias_trainer,bias_trainer_id,bias_win_odds,bias_ninki,ca_waku_category_label,ca_waku_win_1st,ca_waku_win_2nd,ca_waku_win_3rd,ca_waku_win_out,ca_waku_runs,ca_waku_win_rate,ca_waku_place2_rate,ca_waku_place3_rate,ca_waku_win_return_rate,ca_waku_place_return_rate,ca_waku_horse_id,ca_waku_horse_name,ca_running_style_category_label,ca_running_style_win_1st,ca_running_style_win_2nd,ca_running_style_win_3rd,ca_running_style_win_out,ca_running_style_runs,ca_running_style_win_rate,ca_running_style_place2_rate,ca_running_style_place3_rate,ca_running_style_win_return_rate,ca_running_style_place_return_rate,ca_running_style_horse_id,ca_running_style_horse_name,ca_jockey_category_label,ca_jockey_win_1st,ca_jockey_win_2nd,ca_jockey_win_3rd,ca_jockey_win_out,ca_jockey_runs,ca_jockey_win_rate,ca_jockey_place2_rate,ca_jockey_place3_rate,ca_jockey_win_return_rate,ca_jockey_place_return_rate,ca_jockey_horse_id,ca_jockey_horse_name,ca_trainer_category_label,ca_trainer_win_1st,ca_trainer_win_2nd,ca_trainer_win_3rd,ca_trainer_win_out,ca_trainer_runs,ca_trainer_win_rate,ca_trainer_place2_rate,ca_trainer_place3_rate,ca_trainer_win_return_rate,ca_trainer_place_return_rate,ca_trainer_horse_id,ca_trainer_horse_name,ca_sire_category_label,ca_sire_win_1st,ca_sire_win_2nd,ca_sire_win_3rd,ca_sire_win_out,ca_sire_runs,ca_sire_win_rate,ca_sire_place2_rate,ca_sire_place3_rate,ca_sire_win_return_rate,ca_sire_place_return_rate,ca_sire_horse_id,ca_sire_horse_name,ca_broodmare_sire_category_label,ca_broodmare_sire_win_1st,ca_broodmare_sire_win_2nd,ca_broodmare_sire_win_3rd,ca_broodmare_sire_win_out,ca_broodmare_sire_runs,ca_broodmare_sire_win_rate,ca_broodmare_sire_place2_rate,ca_broodmare_sire_place3_rate,ca_broodmare_sire_win_return_rate,ca_broodmare_sire_place_return_rate,ca_broodmare_sire_horse_id,ca_broodmare_sire_horse_name,concerned_category_label,concerned_horse_id,concerned_horse_name,concerned_win_1st,concerned_win_2nd,concerned_win_3rd,concerned_win_out,concerned_runs,concerned_win_rate,concerned_place2_rate,concerned_place3_rate,concerned_win_return_rate,concerned_place_return_rate,surf_ketto_training_category_label,surf_ketto_training_horse_id,surf_ketto_training_horse_name,surf_ketto_training_win_1st,surf_ketto_training_win_2nd,surf_ketto_training_win_3rd,surf_ketto_training_win_out,surf_ketto_training_runs,surf_ketto_training_win_rate,surf_ketto_training_place2_rate,surf_ketto_training_place3_rate,surf_ketto_training_win_return_rate,surf_ketto_training_place_return_rate,surf_ketto_comment_category_label,surf_ketto_comment_horse_id,surf_ketto_comment_horse_name,surf_ketto_comment_win_1st,surf_ketto_comment_win_2nd,surf_ketto_comment_win_3rd,surf_ketto_comment_win_out,surf_ketto_comment_runs,surf_ketto_comment_win_rate,surf_ketto_comment_place2_rate,surf_ketto_comment_place3_rate,surf_ketto_comment_win_return_rate,surf_ketto_comment_place_return_rate,surf_odds_jockey_category_label,surf_odds_jockey_horse_id,surf_odds_jockey_horse_name,surf_odds_jockey_win_1st,surf_odds_jockey_win_2nd,surf_odds_jockey_win_3rd,surf_odds_jockey_win_out,surf_odds_jockey_runs,surf_odds_jockey_win_rate,surf_odds_jockey_place2_rate,surf_odds_jockey_place3_rate,surf_odds_jockey_win_return_rate,surf_odds_jockey_place_return_rate,surf_jockey_trainer_category_label,surf_jockey_trainer_horse_id,surf_jockey_trainer_horse_name,surf_jockey_trainer_win_1st,surf_jockey_trainer_win_2nd,surf_jockey_trainer_win_3rd,surf_jockey_trainer_win_out,surf_jockey_trainer_runs,surf_jockey_trainer_win_rate,surf_jockey_trainer_place2_rate,surf_jockey_trainer_place3_rate,surf_jockey_trainer_win_return_rate,surf_jockey_trainer_place_return_rate,surf_jockey_owner_category_label,surf_jockey_owner_horse_id,surf_jockey_owner_horse_name,surf_jockey_owner_win_1st,surf_jockey_owner_win_2nd,surf_jockey_owner_win_3rd,surf_jockey_owner_win_out,surf_jockey_owner_runs,surf_jockey_owner_win_rate,surf_jockey_owner_place2_rate,surf_jockey_owner_place3_rate,surf_jockey_owner_win_return_rate,surf_jockey_owner_place_return_rate,surf_jockey_prevjockey_category_label,surf_jockey_prevjockey_horse_id,surf_jockey_prevjockey_horse_name,surf_jockey_prevjockey_win_1st,surf_jockey_prevjockey_win_2nd,surf_jockey_prevjockey_win_3rd,surf_jockey_prevjockey_win_out,surf_jockey_prevjockey_runs,surf_jockey_prevjockey_win_rate,surf_jockey_prevjockey_place2_rate,surf_jockey_prevjockey_place3_rate,surf_jockey_prevjockey_win_return_rate,surf_jockey_prevjockey_place_return_rate,data_distance_horse_id,data_distance_horse_name,data_distance_slot1_label,data_distance_slot1_note,data_distance_slot1_win_1st,data_distance_slot1_win_2nd,data_distance_slot1_win_3rd,data_distance_slot1_win_out,data_distance_slot1_runs,data_distance_slot1_win_rate,data_distance_slot1_place2_rate,data_distance_slot1_place3_rate,data_distance_slot1_win_return_rate,data_distance_slot1_place_return_rate,data_distance_slot2_label,data_distance_slot2_note,data_distance_slot2_win_1st,data_distance_slot2_win_2nd,data_distance_slot2_win_3rd,data_distance_slot2_win_out,data_distance_slot2_runs,data_distance_slot2_win_rate,data_distance_slot2_place2_rate,data_distance_slot2_place3_rate,data_distance_slot2_win_return_rate,data_distance_slot2_place_return_rate,data_distance_slot3_label,data_distance_slot3_note,data_distance_slot3_win_1st,data_distance_slot3_win_2nd,data_distance_slot3_win_3rd,data_distance_slot3_win_out,data_distance_slot3_runs,data_distance_slot3_win_rate,data_distance_slot3_place2_rate,data_distance_slot3_place3_rate,data_distance_slot3_win_return_rate,data_distance_slot3_place_return_rate,data_distance_slot4_label,data_distance_slot4_note,data_distance_slot4_win_1st,data_distance_slot4_win_2nd,data_distance_slot4_win_3rd,data_distance_slot4_win_out,data_distance_slot4_runs,data_distance_slot4_win_rate,data_distance_slot4_place2_rate,data_distance_slot4_place3_rate,data_distance_slot4_win_return_rate,data_distance_slot4_place_return_rate,data_distance_slot5_label,data_distance_slot5_note,data_distance_slot5_win_1st,data_distance_slot5_win_2nd,data_distance_slot5_win_3rd,data_distance_slot5_win_out,data_distance_slot5_runs,data_distance_slot5_win_rate,data_distance_slot5_place2_rate,data_distance_slot5_place3_rate,data_distance_slot5_win_return_rate,data_distance_slot5_place_return_rate,data_course_horse_id,data_course_horse_name,data_course_slot1_label,data_course_slot1_note,data_course_slot1_win_1st,data_course_slot1_win_2nd,data_course_slot1_win_3rd,data_course_slot1_win_out,data_course_slot1_runs,data_course_slot1_win_rate,data_course_slot1_place2_rate,data_course_slot1_place3_rate,data_course_slot1_win_return_rate,data_course_slot1_place_return_rate,data_course_slot2_label,data_course_slot2_note,data_course_slot2_win_1st,data_course_slot2_win_2nd,data_course_slot2_win_3rd,data_course_slot2_win_out,data_course_slot2_runs,data_course_slot2_win_rate,data_course_slot2_place2_rate,data_course_slot2_place3_rate,data_course_slot2_win_return_rate,data_course_slot2_place_return_rate,data_course_slot3_label,data_course_slot3_note,data_course_slot3_win_1st,data_course_slot3_win_2nd,data_course_slot3_win_3rd,data_course_slot3_win_out,data_course_slot3_runs,data_course_slot3_win_rate,data_course_slot3_place2_rate,data_course_slot3_place3_rate,data_course_slot3_win_return_rate,data_course_slot3_place_return_rate,data_course_slot4_label,data_course_slot4_note,data_course_slot4_win_1st,data_course_slot4_win_2nd,data_course_slot4_win_3rd,data_course_slot4_win_out,data_course_slot4_runs,data_course_slot4_win_rate,data_course_slot4_place2_rate,data_course_slot4_place3_rate,data_course_slot4_win_return_rate,data_course_slot4_place_return_rate,data_condition_horse_id,data_condition_horse_name,data_condition_slot1_label,data_condition_slot1_note,data_condition_slot1_win_1st,data_condition_slot1_win_2nd,data_condition_slot1_win_3rd,data_condition_slot1_win_out,data_condition_slot1_runs,data_condition_slot1_win_rate,data_condition_slot1_place2_rate,data_condition_slot1_place3_rate,data_condition_slot1_win_return_rate,data_condition_slot1_place_return_rate,data_condition_slot2_label,data_condition_slot2_note,data_condition_slot2_win_1st,data_condition_slot2_win_2nd,data_condition_slot2_win_3rd,data_condition_slot2_win_out,data_condition_slot2_runs,data_condition_slot2_win_rate,data_condition_slot2_place2_rate,data_condition_slot2_place3_rate,data_condition_slot2_win_return_rate,data_condition_slot2_place_return_rate,data_condition_slot3_label,data_condition_slot3_note,data_condition_slot3_win_1st,data_condition_slot3_win_2nd,data_condition_slot3_win_3rd,data_condition_slot3_win_out,data_condition_slot3_runs,data_condition_slot3_win_rate,data_condition_slot3_place2_rate,data_condition_slot3_place3_rate,data_condition_slot3_win_return_rate,data_condition_slot3_place_return_rate,data_condition_slot4_label,data_condition_slot4_note,data_condition_slot4_win_1st,data_condition_slot4_win_2nd,data_condition_slot4_win_3rd,data_condition_slot4_win_out,data_condition_slot4_runs,data_condition_slot4_win_rate,data_condition_slot4_place2_rate,data_condition_slot4_place3_rate,data_condition_slot4_win_return_rate,data_condition_slot4_place_return_rate,data_others_horse_id,data_others_horse_name,data_others_slot1_label,data_others_slot1_note,data_others_slot1_win_1st,data_others_slot1_win_2nd,data_others_slot1_win_3rd,data_others_slot1_win_out,data_others_slot1_runs,data_others_slot1_win_rate,data_others_slot1_place2_rate,data_others_slot1_place3_rate,data_others_slot1_win_return_rate,data_others_slot1_place_return_rate,data_others_slot2_label,data_others_slot2_note,data_others_slot2_win_1st,data_others_slot2_win_2nd,data_others_slot2_win_3rd,data_others_slot2_win_out,data_others_slot2_runs,data_others_slot2_win_rate,data_others_slot2_place2_rate,data_others_slot2_place3_rate,data_others_slot2_win_return_rate,data_others_slot2_place_return_rate,data_others_slot3_label,data_others_slot3_note,data_others_slot3_win_1st,data_others_slot3_win_2nd,data_others_slot3_win_3rd,data_others_slot3_win_out,data_others_slot3_runs,data_others_slot3_win_rate,data_others_slot3_place2_rate,data_others_slot3_place3_rate,data_others_slot3_win_return_rate,data_others_slot3_place_return_rate,data_cushion_horse_id,data_cushion_horse_name,data_cushion_slot1_label,data_cushion_slot1_note,data_cushion_slot1_win_1st,data_cushion_slot1_win_2nd,data_cushion_slot1_win_3rd,data_cushion_slot1_win_out,data_cushion_slot1_runs,data_cushion_slot1_win_rate,data_cushion_slot1_place2_rate,data_cushion_slot1_place3_rate,data_cushion_slot1_win_return_rate,data_cushion_slot1_place_return_rate,data_cushion_slot2_label,data_cushion_slot2_note,data_cushion_slot2_win_1st,data_cushion_slot2_win_2nd,data_cushion_slot2_win_3rd,data_cushion_slot2_win_out,data_cushion_slot2_runs,data_cushion_slot2_win_rate,data_cushion_slot2_place2_rate,data_cushion_slot2_place3_rate,data_cushion_slot2_win_return_rate,data_cushion_slot2_place_return_rate,data_baba_water_horse_id,data_baba_water_horse_name,data_baba_water_slot1_label,data_baba_water_slot1_note,data_baba_water_slot1_win_1st,data_baba_water_slot1_win_2nd,data_baba_water_slot1_win_3rd,data_baba_water_slot1_win_out,data_baba_water_slot1_runs,data_baba_water_slot1_win_rate,data_baba_water_slot1_place2_rate,data_baba_water_slot1_place3_rate,data_baba_water_slot1_win_return_rate,data_baba_water_slot1_place_return_rate,data_baba_water_slot2_label,data_baba_water_slot2_note,data_baba_water_slot2_win_1st,data_baba_water_slot2_win_2nd,data_baba_water_slot2_win_3rd,data_baba_water_slot2_win_out,data_baba_water_slot2_runs,data_baba_water_slot2_win_rate,data_baba_water_slot2_place2_rate,data_baba_water_slot2_place3_rate,data_baba_water_slot2_win_return_rate,data_baba_water_slot2_place_return_rate,corner4_rank,corner4_gap_pct,corner4_gap_lengths,corner4_speedup,corner3_rank,corner3_gap_pct,corner3_gap_lengths,race_pace_label,mark_raw_古澤,mark_raw_CP予想,mark_raw_マリア,mark_raw_横けん,mark_raw_ティーダ,mark_raw_中山,mark_honshi,mark_cp,mark_other
202646090605,1,2024100856,ウエスウィン,,,,,,,,,,,,,,,,2026.08.09,金沢,3,2歳新馬,,ダ1400,1:35.2,不,8,7,3,青柳正義,55.0,2-2-2-2,41.3,428,0,スターズオブサワー(0.9),,,,,,,,,,,,,,,,,,,,,,,,,,,,,,,,,,,,,,,,,,,,,,,,,,,,,,,,,,,,,,,,,,,,,,,,,,,,,,2024100856,ウエスウィン,,沖静男,,,,,,,,,,,202646080901,２歳新馬,20260809,金沢,不,-12,55,1:35.2,41.3,3,先,7,M,牝,2,,,,,,,,,,,,,,,,202646080901,２歳新馬,20260809,金沢,不,-12,55,1:35.2,41.3,3,先,7,M,牝,2,,,,,,,,,,,,,,,,2024100856,ウエスウィン,インティ,ネイティヴダンサー系,ソングオブウインド,ネイティヴダンサー系,牝2,55.0,,沖静男,a0034,,川添明弘,a02f5,6.4,4,1枠,134,176,167,946,1423,9%,21%,33%,56%,68%,2024100856,ウエスウィン,先,296,201,163,699,1359,21%,36%,48%,72%,77%,2024100856,ウエスウィン,沖静男,29,32,49,400,510,5%,11%,21%,64%,73%,2024100856,ウエスウィン,川添明弘,39,55,75,632,801,4%,11%,21%,39%,67%,2024100856,ウエスウィン,インティ,3,1,1,0,5,60%,80%,100%,318%,172%,2024100856,ウエスウィン,,0,0,0,0,0,0%,0%,0%,0%,0%,2024100856,ウエスウィン,金沢ダート1400m,2024100856,ウエスウィン,0,0,1,0,1,0%,0%,100%,0%,200%,,,,,,,,,,,,,,,,,,,,,,,,,,,,,,,,,,,,,,,,,,,,,,,,,,,,,,,,,,,,,,,,,,,,,,,,,,,,,,,2024100856,ウエスウィン,ダート1400m,,0,0,1,0,1,0%,0%,100%,0%,200%,ダート1300m,,0,0,0,0,0,0%,0%,0%,0%,0%,ダート1500m,,0,0,0,0,0,0%,0%,0%,0%,0%,ダート1700m,,0,0,0,0,0,0%,0%,0%,0%,0%,全成績,,0,0,1,0,1,0%,0%,100%,0%,200%,2024100856,ウエスウィン,ダート金沢,,0,0,1,0,1,0%,0%,100%,0%,200%,ダート・右,,0,0,1,0,1,0%,0%,100%,0%,200%,ダート・左,,0,0,0,0,0,0%,0%,0%,0%,0%,全成績,,0,0,1,0,1,0%,0%,100%,0%,200%,2024100856,ウエスウィン,ダート・良,,0,0,0,0,0,0%,0%,0%,0%,0%,ダート・稍重,,0,0,0,0,0,0%,0%,0%,0%,0%,ダート・重,,0,0,0,0,0,0%,0%,0%,0%,0%,ダート・不良,,0,0,1,0,1,0%,0%,100%,0%,200%,2024100856,ウエスウィン,中3週,,0,0,0,0,0,0%,0%,0%,0%,0%,55kg,,0,0,1,0,1,0%,0%,100%,0%,200%,馬体重,連対時馬体重kg～kg,,,,,,,,,,,2024100856,ウエスウィン,全成績,,0,0,1,0,1,0%,0%,100%,0%,200%,全成績,,0,0,1,0,1,0%,0%,100%,0%,200%,2024100856,ウエスウィン,全成績,,0,0,1,0,1,0%,0%,100%,0%,200%,全成績,,0,0,1,0,1,0%,0%,100%,0%,200%,5,30.21,3.0,2,6,35.72,3.55,H,,,▲,,,☆,,,
202646090605,2,2024102851,オルッス,,,,,,,,,,,,,,,,2026.08.23,金沢,5,2歳3,,ダ1400,1:38.0,良,8,2,1,田知弘久,56.0,7-7-7-7,42.4,448,+10,キミトヒカレ(3.0),,2026.07.18,福島,12,2歳未勝利,,芝1200,1:12.4,良,12,13,10,嶋田純次,55.0,4-7,38.2,438,+6,ショウナンハーヴェ(2.8),,2026.06.27,福島,10,2歳新馬,,ダ1150,1:13.9,稍,10,6,10,嶋田純次,55.0,10-10,39.9,432,0,エランヴィータ(4.9),,,,,,,,,,,,,,,,,,,,3月22日生まれ,,,,,,,,,,,,,,,,,,,,2024102851,オルッス,,中島龍也,,,,,,,,,,,202646082301,２歳３,20260823,金沢,良,-10,56,1:38.0,42.4,5,追,2,M,牡,2,,,,,,,,,,,,,,,,202646082301,２歳３,20260823,金沢,良,-10,56,1:38.0,42.4,5,追,2,M,牡,2,,,,,,,,,,,,,,,,2024102851,オルッス,マテラスカイ,ネイティヴダンサー系,プリサイスエンド,ネイティヴダンサー系,牡2,56.0,,中島龍也,a02dc,,金田一昌,05235,12.8,6,2枠,188,164,180,893,1425,13%,24%,37%,77%,80%,2024102851,オルッス,追,198,246,286,2715,3445,5%,12%,21%,56%,58%,2024102851,オルッス,中島龍也,228,179,136,419,962,23%,42%,56%,71%,88%,2024102851,オルッス,金田一昌,158,139,128,547,972,16%,30%,43%,73%,85%,2024102851,オルッス,マテラスカイ,0,1,1,4,6,0%,16%,33%,0%,17%,2024102851,オルッス,,0,0,0,0,0,0%,0%,0%,0%,0%,2024102851,オルッス,金沢ダート1400m,2024102851,オルッス,0,0,0,1,1,0%,0%,0%,0%,0%,,,,,,,,,,,,,,,,,,,,,,,,,,,,,,,,,,,,,,,,,,,,,,,,,,,,,,,,,,,,,,,,,,,,,,,,,,,,,,,2024102851,オルッス,ダート1400m,,0,0,0,1,1,0%,0%,0%,0%,0%,ダート1300m,,0,0,0,0,0,0%,0%,0%,0%,0%,ダート1500m,,0,0,0,0,0,0%,0%,0%,0%,0%,ダート1700m,,0,0,0,0,0,0%,0%,0%,0%,0%,全成績,,0,0,0,3,3,0%,0%,0%,0%,0%,2024102851,オルッス,ダート金沢,,0,0,0,1,1,0%,0%,0%,0%,0%,ダート・右,,0,0,0,2,2,0%,0%,0%,0%,0%,ダート・左,,0,0,0,0,0,0%,0%,0%,0%,0%,全成績,,0,0,0,3,3,0%,0%,0%,0%,0%,2024102851,オルッス,ダート・良,,0,0,0,1,1,0%,0%,0%,0%,0%,ダート・稍重,,0,0,0,1,1,0%,0%,0%,0%,0%,ダート・重,,0,0,0,0,0,0%,0%,0%,0%,0%,ダート・不良,,0,0,0,0,0,0%,0%,0%,0%,0%,2024102851,オルッス,中1週,,0,0,0,0,0,0%,0%,0%,0%,0%,56kg,,0,0,0,1,1,0%,0%,0%,0%,0%,馬体重,連対時馬体重kg～kg,,,,,,,,,,,2024102851,オルッス,全成績,,0,0,0,3,3,0%,0%,0%,0%,0%,全成績,,0,0,0,3,3,0%,0%,0%,0%,0%,2024102851,オルッス,全成績,,0,0,0,3,3,0%,0%,0%,0%,0%,全成績,,0,0,0,3,3,0%,0%,0%,0%,0%,6,42.71,4.25,3,7,41.36,4.11,H,,△,◎,,,▲,,△,○
202646090605,3,2024101813,オーロラクルーズ,,,,,,,,,,,,,,,,2026.08.23,金沢,4,2歳3,,ダ1400,1:37.4,良,8,3,7,柴田勇真,55.0,1-1-2-3,43.6,413,0,キミトヒカレ(2.4),,2026.08.09,金沢,8,2歳新馬,,ダ1400,1:40.5,不,8,1,5,柴田勇真,55.0,3-2-5-6,46.3,413,0,スターズオブサワー(6.2),,,,,,,,,,,,,,,,,,,,,,,,,,,,,,,,,,,,,,,,,,,,,,,,,,,,,,,,,,,2024101813,オーロラクルーズ,,柴田勇真,,,,,,,,,,,202646082301,２歳３,20260823,金沢,良,-10,55,1:37.4,43.6,4,差,3,M,牝,2,,,,,,,,,,,,,,,,202646082301,２歳３,20260823,金沢,良,-10,55,1:37.4,43.6,4,差,3,M,牝,2,,,,,,,,,,,,,,,,2024101813,オーロラクルーズ,ヴァンゴッホ,ネイティヴダンサー系,ウォーエンブレム,ネイティヴダンサー系,牝2,55.0,,柴田勇真,a02fb,,金田一昌,05235,5.1,2,3枠,195,175,149,897,1416,13%,26%,36%,91%,70%,2024101813,オーロラクルーズ,先,296,201,163,699,1359,21%,36%,48%,72%,77%,2024101813,オーロラクルーズ,柴田勇真,83,92,106,542,823,10%,21%,34%,66%,84%,2024101813,オーロラクルーズ,金田一昌,158,139,128,547,972,16%,30%,43%,73%,85%,2024101813,オーロラクルーズ,ヴァンゴッホ,0,1,0,8,9,0%,11%,11%,0%,12%,2024101813,オーロラクルーズ,,0,0,0,0,0,0%,0%,0%,0%,0%,2024101813,オーロラクルーズ,金沢ダート1400m,2024101813,オーロラクルーズ,0,0,0,2,2,0%,0%,0%,0%,0%,,,,,,,,,,,,,,,,,,,,,,,,,,,,,,,,,,,,,,,,,,,,,,,,,,,,,,,,,,,,,,,,,,,,,,,,,,,,,,,2024101813,オーロラクルーズ,ダート1400m,,0,0,0,2,2,0%,0%,0%,0%,0%,ダート1300m,,0,0,0,0,0,0%,0%,0%,0%,0%,ダート1500m,,0,0,0,0,0,0%,0%,0%,0%,0%,ダート1700m,,0,0,0,0,0,0%,0%,0%,0%,0%,全成績,,0,0,0,2,2,0%,0%,0%,0%,0%,2024101813,オーロラクルーズ,ダート金沢,,0,0,0,2,2,0%,0%,0%,0%,0%,ダート・右,,0,0,0,2,2,0%,0%,0%,0%,0%,ダート・左,,0,0,0,0,0,0%,0%,0%,0%,0%,全成績,,0,0,0,2,2,0%,0%,0%,0%,0%,2024101813,オーロラクルーズ,ダート・良,,0,0,0,1,1,0%,0%,0%,0%,0%,ダート・稍重,,0,0,0,0,0,0%,0%,0%,0%,0%,ダート・重,,0,0,0,0,0,0%,0%,0%,0%,0%,ダート・不良,,0,0,0,1,1,0%,0%,0%,0%,0%,2024101813,オーロラクルーズ,中1週,,0,0,0,1,1,0%,0%,0%,0%,0%,55kg,,0,0,0,2,2,0%,0%,0%,0%,0%,馬体重,連対時馬体重kg～kg,,,,,,,,,,,2024101813,オーロラクルーズ,全成績,,0,0,0,2,2,0%,0%,0%,0%,0%,全成績,,0,0,0,2,2,0%,0%,0%,0%,0%,2024101813,オーロラクルーズ,全成績,,0,0,0,2,2,0%,0%,0%,0%,0%,全成績,,0,0,0,2,2,0%,0%,0%,0%,0%,3,21.96,2.18,1,2,16.71,1.66,H,,,,,,△,,,
202646090605,4,2024100950,モーモーセオリー,,,,,,,,,,,,,,,,2026.08.23,金沢,2,2歳3,,ダ1400,1:35.2,良,8,8,3,吉田晃浩,56.0,5-5-2-2,40.8,440,+3,キミトヒカレ(0.2),,2026.08.09,金沢,7,2歳新馬,,ダ1400,1:39.6,不,8,4,6,吉田晃浩,56.0,5-5-4-4,45.5,437,0,スターズオブサワー(5.3),,,,,,,,,,,,,,,,,,,,,,,,,,,,,,,,,,,,,,,,,,,,,,,,,,,,,,,,,,,2024100950,モーモーセオリー,,吉田晃浩,,,,,,,,,,,202646082301,２歳３,20260823,金沢,良,-10,56,1:35.2,40.8,2,差,8,M,セ,2,,,,,,,,,,,,,,,,202646082301,２歳３,20260823,金沢,良,-10,56,1:35.2,40.8,2,差,8,M,セ,2,,,,,,,,,,,,,,,,2024100950,モーモーセオリー,タリスマニック,ノーザンダンサー系,ヨハネスブルグ,ノーザンダンサー系,セ2,56.0,,吉田晃浩,05301,,田嶋弘幸,05308,12.8,7,4枠,165,169,156,929,1419,11%,23%,34%,57%,68%,2024100950,モーモーセオリー,差,797,892,913,4670,7272,10%,23%,35%,73%,76%,2024100950,モーモーセオリー,吉田晃浩,88,99,91,587,865,10%,21%,32%,73%,62%,2024100950,モーモーセオリー,田嶋弘幸,39,59,54,458,610,6%,16%,24%,88%,72%,2024100950,モーモーセオリー,タリスマニック,5,11,6,42,64,7%,25%,34%,65%,114%,2024100950,モーモーセオリー,,0,0,0,0,0,0%,0%,0%,0%,0%,2024100950,モーモーセオリー,金沢ダート1400m,2024100950,モーモーセオリー,0,1,0,1,2,0%,50%,50%,0%,165%,,,,,,,,,,,,,,,,,,,,,,,,,,,,,,,,,,,,,,,,,,,,,,,,,,,,,,,,,,,,,,,,,,,,,,,,,,,,,,,2024100950,モーモーセオリー,ダート1400m,,0,1,0,1,2,0%,50%,50%,0%,165%,ダート1300m,,0,0,0,0,0,0%,0%,0%,0%,0%,ダート1500m,,0,0,0,0,0,0%,0%,0%,0%,0%,ダート1700m,,0,0,0,0,0,0%,0%,0%,0%,0%,全成績,,0,1,0,1,2,0%,50%,50%,0%,165%,2024100950,モーモーセオリー,ダート金沢,,0,1,0,1,2,0%,50%,50%,0%,165%,ダート・右,,0,1,0,1,2,0%,50%,50%,0%,165%,ダート・左,,0,0,0,0,0,0%,0%,0%,0%,0%,全成績,,0,1,0,1,2,0%,50%,50%,0%,165%,2024100950,モーモーセオリー,ダート・良,,0,1,0,0,1,0%,100%,100%,0%,330%,ダート・稍重,,0,0,0,0,0,0%,0%,0%,0%,0%,ダート・重,,0,0,0,0,0,0%,0%,0%,0%,0%,ダート・不良,,0,0,0,1,1,0%,0%,0%,0%,0%,2024100950,モーモーセオリー,中1週,,0,1,0,0,1,0%,100%,100%,0%,330%,56kg,,0,1,0,1,2,0%,50%,50%,0%,165%,馬体重,連対時馬体重440kg～440kg,,,,,,,,,,,2024100950,モーモーセオリー,全成績,,0,1,0,1,2,0%,50%,50%,0%,165%,全成績,,0,1,0,1,2,0%,50%,50%,0%,165%,2024100950,モーモーセオリー,全成績,,0,1,0,1,2,0%,50%,50%,0%,165%,全成績,,0,1,0,1,2,0%,50%,50%,0%,165%,4,23.44,2.33,2,5,25.58,2.54,H,△,◎,△,,,○,,◎,▲
202646090605,5,2024107223,コンヤザカ,,,,,,,,,,,,,,,,2026.08.09,金沢,2,2歳3,,ダ1400,1:36.5,不,5,1,4,中島龍也,55.0,4-4-3-3,41.5,451,-1,タムタミ(1.1),,2026.07.26,金沢,4,猫月めい(2歳),,ダ1400,1:37.0,不,5,2,4,栗原大河,55.0,2-2-2-2,43.1,452,-5,カリーノソフィア(0.8),,2026.07.12,金沢,6,2歳新馬,,ダ900,1:01.4,良,6,6,5,柴田勇真,55.0,6-6,40.5,457,0,サンエイヴェスタ(4.0),,,,,,,,,,,,,,,,,,,,,,,,,,,,,,,,,,,,,,,,2024107223,コンヤザカ,,栗原大河,,,,,,,,,,,202646080902,２歳３,20260809,金沢,不,-12,55,1:36.5,41.5,2,追,1,M,牝,2,,,,,,,,,,,,,,,,202646080902,２歳３,20260809,金沢,不,-12,55,1:36.5,41.5,2,追,1,M,牝,2,,,,,,,,,,,,,,,,2024107223,コンヤザカ,サンダースノー,ノーザンダンサー系,ハーツクライ,サンデーサイレンス系,牝2,55.0,,栗原大河,05556,,佐藤茂,05160,2.8,1,5枠,175,172,178,966,1491,11%,23%,35%,92%,85%,2024107223,コンヤザカ,差,797,892,913,4670,7272,10%,23%,35%,73%,76%,2024107223,コンヤザカ,栗原大河,183,166,141,605,1095,16%,31%,44%,74%,78%,2024107223,コンヤザカ,佐藤茂,125,129,97,487,838,14%,30%,41%,65%,69%,2024107223,コンヤザカ,サンダースノー,5,9,16,54,84,5%,16%,35%,24%,66%,2024107223,コンヤザカ,,0,0,0,0,0,0%,0%,0%,0%,0%,2024107223,コンヤザカ,金沢ダート1400m,2024107223,コンヤザカ,0,1,0,1,2,0%,50%,50%,0%,120%,,,,,,,,,,,,,,,,,,,,,,,,,,,,,,,,,,,,,,,,,,,,,,,,,,,,,,,,,,,,,,,,,,,,,,,,,,,,,,,2024107223,コンヤザカ,ダート1400m,,0,1,0,1,2,0%,50%,50%,0%,120%,ダート1300m,,0,0,0,0,0,0%,0%,0%,0%,0%,ダート1500m,,0,0,0,0,0,0%,0%,0%,0%,0%,ダート1700m,,0,0,0,0,0,0%,0%,0%,0%,0%,全成績,,0,1,0,2,3,0%,33.3%,33.3%,0%,80%,2024107223,コンヤザカ,ダート金沢,,0,1,0,2,3,0%,33.3%,33.3%,0%,80%,ダート・右,,0,1,0,2,3,0%,33.3%,33.3%,0%,80%,ダート・左,,0,0,0,0,0,0%,0%,0%,0%,0%,全成績,,0,1,0,2,3,0%,33.3%,33.3%,0%,80%,2024107223,コンヤザカ,ダート・良,,0,0,0,1,1,0%,0%,0%,0%,0%,ダート・稍重,,0,0,0,0,0,0%,0%,0%,0%,0%,ダート・重,,0,0,0,0,0,0%,0%,0%,0%,0%,ダート・不良,,0,1,0,1,2,0%,50%,50%,0%,120%,2024107223,コンヤザカ,中3週,,0,0,0,0,0,0%,0%,0%,0%,0%,55kg,,0,1,0,2,3,0%,33.3%,33.3%,0%,80%,馬体重,連対時馬体重451kg～451kg,,,,,,,,,,,2024107223,コンヤザカ,全成績,,0,1,0,2,3,0%,33.3%,33.3%,0%,80%,全成績,,0,1,0,2,3,0%,33.3%,33.3%,0%,80%,2024107223,コンヤザカ,全成績,,0,1,0,2,3,0%,33.3%,33.3%,0%,80%,全成績,,0,1,0,2,3,0%,33.3%,33.3%,0%,80%,2,17.34,1.72,2,4,24.85,2.47,H,◎,▲,,,,△,,▲,▲
202646090605,6,2024103209,リュウノガッパオ,,,,,,,,,,,,,,,,2026.08.23,金沢,6,2歳2,,ダ1400,1:36.6,良,7,7,6,鈴木太一,55.0,2-2-2-3,43.8,438,0,ハートサイン(1.9),,2026.08.09,金沢,4,2歳3,,ダ1400,1:37.2,不,5,4,3,鈴木太一,55.0,1-1-1-1,42.6,438,-1,タムタミ(1.8),,2026.07.26,金沢,3,猫月めい(2歳),,ダ1400,1:36.6,不,5,4,3,鈴木太一,55.0,1-1-1-1,42.9,439,+1,カリーノソフィア(0.4),,2026.07.12,金沢,7,2歳2,,ダ1400,1:38.6,良,10,3,5,甲賀弘隆,55.0,4-5-8-8,42.7,438,+5,ケーズグロリア(3.4),,2026.06.14,金沢,6,2歳新馬,,ダ900,0:58.9,良,7,4,4,加藤翔馬,55.0,2-2,39.5,433,0,ミラクルサリチャン(2.3),,2024103209,リュウノガッパオ,,鈴木太一,,,,,,,,,,,202646082302,２歳２,20260823,金沢,良,-10,55,1:36.6,43.8,6,先,7,H,牝,2,,,,,,,,,,,,,,,,202646082302,２歳２,20260823,金沢,良,-10,55,1:36.6,43.8,6,先,7,H,牝,2,,,,,,,,,,,,,,,,2024103209,リュウノガッパオ,ノーブルミッション,ノーザンダンサー系,アドマイヤジャパン,サンデーサイレンス系,牝2,55.0,,鈴木太一,a0194,,加藤和義,05731,25.6,8,6枠,179,177,176,1099,1631,10%,21%,32%,57%,73%,2024103209,リュウノガッパオ,先,296,201,163,699,1359,21%,36%,48%,72%,77%,2024103209,リュウノガッパオ,鈴木太一,44,57,74,518,693,6%,14%,25%,94%,79%,2024103209,リュウノガッパオ,加藤和義,187,144,122,612,1065,17%,31%,42%,65%,75%,2024103209,リュウノガッパオ,ノーブルミッション,1,3,3,30,37,2%,10%,18%,7%,16%,2024103209,リュウノガッパオ,,0,0,0,0,0,0%,0%,0%,0%,0%,2024103209,リュウノガッパオ,金沢ダート1400m,2024103209,リュウノガッパオ,0,0,1,3,4,0%,0%,0%,0%,0%,,,,,,,,,,,,,,,,,,,,,,,,,,,,,,,,,,,,,,,,,,,,,,,,,,,,,,,,,,,,,,,,,,,,,,,,,,,,,,,2024103209,リュウノガッパオ,ダート1400m,,0,0,1,3,4,0%,0%,0%,0%,0%,ダート1300m,,0,0,0,0,0,0%,0%,0%,0%,0%,ダート1500m,,0,0,0,0,0,0%,0%,0%,0%,0%,ダート1700m,,0,0,0,0,0,0%,0%,0%,0%,0%,全成績,,0,0,1,4,5,0%,0%,0%,0%,0%,2024103209,リュウノガッパオ,ダート金沢,,0,0,1,4,5,0%,0%,0%,0%,0%,ダート・右,,0,0,1,4,5,0%,0%,0%,0%,0%,ダート・左,,0,0,0,0,0,0%,0%,0%,0%,0%,全成績,,0,0,1,4,5,0%,0%,0%,0%,0%,2024103209,リュウノガッパオ,ダート・良,,0,0,0,3,3,0%,0%,0%,0%,0%,ダート・稍重,,0,0,0,0,0,0%,0%,0%,0%,0%,ダート・重,,0,0,0,0,0,0%,0%,0%,0%,0%,ダート・不良,,0,0,1,1,2,0%,0%,0%,0%,0%,2024103209,リュウノガッパオ,中1週,,0,0,1,2,3,0%,0%,0%,0%,0%,55kg,,0,0,1,4,5,0%,0%,0%,0%,0%,馬体重,連対時馬体重kg～kg,,,,,,,,,,,2024103209,リュウノガッパオ,全成績,,0,0,1,4,5,0%,0%,0%,0%,0%,全成績,,0,0,1,4,5,0%,0%,0%,0%,0%,2024103209,リュウノガッパオ,全成績,,0,0,1,4,5,0%,0%,0%,0%,0%,全成績,,0,0,1,4,5,0%,0%,0%,0%,0%,7,55.21,5.49,2,3,19.86,1.97,H,○,,△,,,,,,△
202646090605,7,2024104238,エースキャット,,,,,,,,,,,,,,,,2026.08.23,金沢,8,2歳3,,ダ1400,1:39.2,良,8,4,6,兼子千央,55.0,7-8-7-8,43.6,459,+11,キミトヒカレ(4.2),,2026.06.18,門別,7,JRA認(2歳),,ダ1100,1:13.5,良,8,3,8,小野楓馬,55.0,8-8,41.4,448,0,カリムパッション(4.8),,,,,,,,,,,,,,,,,,,,,,,,,,,,,,,,,,,,,,,,,,,,,,,,,,,,,,,,,,,2024104238,エースキャット,,兼子千央,,,,,,,,,,,202646082301,２歳３,20260823,金沢,良,-10,55,1:39.2,43.6,8,追,4,M,牝,2,,,,,,,,,,,,,,,,202646082301,２歳３,20260823,金沢,良,-10,55,1:39.2,43.6,8,追,4,M,牝,2,,,,,,,,,,,,,,,,2024104238,エースキャット,ヤマカツエース,ネイティヴダンサー系,ワイルドラッシュ,その他,牝2,55.0,,兼子千央,05603,,川添明弘,a02f5,6.4,5,7枠,178,197,224,1284,1883,9%,19%,31%,49%,69%,2024104238,エースキャット,追,198,246,286,2715,3445,5%,12%,21%,56%,58%,2024104238,エースキャット,兼子千央,20,36,49,442,547,3%,10%,19%,91%,65%,2024104238,エースキャット,川添明弘,39,55,75,632,801,4%,11%,21%,39%,67%,2024104238,エースキャット,ヤマカツエース,1,7,3,43,54,1%,14%,20%,70%,84%,2024104238,エースキャット,,0,0,0,0,0,0%,0%,0%,0%,0%,2024104238,エースキャット,金沢ダート1400m,2024104238,エースキャット,0,0,0,1,1,0%,0%,0%,0%,0%,,,,,,,,,,,,,,,,,,,,,,,,,,,,,,,,,,,,,,,,,,,,,,,,,,,,,,,,,,,,,,,,,,,,,,,,,,,,,,,2024104238,エースキャット,ダート1400m,,0,0,0,1,1,0%,0%,0%,0%,0%,ダート1300m,,0,0,0,0,0,0%,0%,0%,0%,0%,ダート1500m,,0,0,0,0,0,0%,0%,0%,0%,0%,ダート1700m,,0,0,0,0,0,0%,0%,0%,0%,0%,全成績,,0,0,0,2,2,0%,0%,0%,0%,0%,2024104238,エースキャット,ダート金沢,,0,0,0,1,1,0%,0%,0%,0%,0%,ダート・右,,0,0,0,2,2,0%,0%,0%,0%,0%,ダート・左,,0,0,0,0,0,0%,0%,0%,0%,0%,全成績,,0,0,0,2,2,0%,0%,0%,0%,0%,2024104238,エースキャット,ダート・良,,0,0,0,2,2,0%,0%,0%,0%,0%,ダート・稍重,,0,0,0,0,0,0%,0%,0%,0%,0%,ダート・重,,0,0,0,0,0,0%,0%,0%,0%,0%,ダート・不良,,0,0,0,0,0,0%,0%,0%,0%,0%,2024104238,エースキャット,中1週,,0,0,0,0,0,0%,0%,0%,0%,0%,55kg,,0,0,0,2,2,0%,0%,0%,0%,0%,馬体重,連対時馬体重kg～kg,,,,,,,,,,,2024104238,エースキャット,全成績,,0,0,0,2,2,0%,0%,0%,0%,0%,全成績,,0,0,0,2,2,0%,0%,0%,0%,0%,2024104238,エースキャット,全成績,,0,0,0,2,2,0%,0%,0%,0%,0%,全成績,,0,0,0,2,2,0%,0%,0%,0%,0%,9,100.0,9.94,1,8,98.07,9.75,H,☆,,,,,,,,
202646090605,8,2024104799,ラブミービューティ,,,,,,,,,,,,,,,,2026.08.09,金沢,2,2歳新馬,,ダ1400,1:34.7,不,8,8,2,松戸政也,55.0,1-1-1-1,41.0,442,0,スターズオブサワー(0.4),,,,,,,,,,,,,,,,,,,,,,,,,,,,,,,,,,,,,,,,,,,,,,,,,,,,,,,,,,,,,,,,,,,,,,,,,,,,,,2024104799,ラブミービューティ,,松戸政也,,,,,,,,,,,202646080901,２歳新馬,20260809,金沢,不,-12,55,1:34.7,41,2,逃,8,M,牝,2,,,,,,,,,,,,,,,,202646080901,２歳新馬,20260809,金沢,不,-12,55,1:34.7,41,2,逃,8,M,牝,2,,,,,,,,,,,,,,,,2024104799,ラブミービューティ,コパノリッキー,サンデーサイレンス系,カレンブラックヒル,サンデーサイレンス系,牝2,55.0,,松戸政也,05679,,菅原欣也,05319,5.1,3,8枠,225,204,208,1482,2119,10%,20%,30%,72%,62%,2024104799,ラブミービューティ,逃,137,86,67,381,671,20%,33%,43%,77%,77%,2024104799,ラブミービューティ,松戸政也,82,78,118,538,816,10%,19%,34%,90%,74%,2024104799,ラブミービューティ,菅原欣也,54,91,110,684,939,5%,15%,27%,48%,65%,2024104799,ラブミービューティ,コパノリッキー,20,19,14,87,140,14%,27%,37%,91%,89%,2024104799,ラブミービューティ,,0,0,0,0,0,0%,0%,0%,0%,0%,2024104799,ラブミービューティ,金沢ダート1400m,2024104799,ラブミービューティ,0,1,0,0,1,0%,100%,100%,0%,130%,,,,,,,,,,,,,,,,,,,,,,,,,,,,,,,,,,,,,,,,,,,,,,,,,,,,,,,,,,,,,,,,,,,,,,,,,,,,,,,2024104799,ラブミービューティ,ダート1400m,,0,1,0,0,1,0%,100%,100%,0%,130%,ダート1300m,,0,0,0,0,0,0%,0%,0%,0%,0%,ダート1500m,,0,0,0,0,0,0%,0%,0%,0%,0%,ダート1700m,,0,0,0,0,0,0%,0%,0%,0%,0%,全成績,,0,1,0,0,1,0%,100%,100%,0%,130%,2024104799,ラブミービューティ,ダート金沢,,0,1,0,0,1,0%,100%,100%,0%,130%,ダート・右,,0,1,0,0,1,0%,100%,100%,0%,130%,ダート・左,,0,0,0,0,0,0%,0%,0%,0%,0%,全成績,,0,1,0,0,1,0%,100%,100%,0%,130%,2024104799,ラブミービューティ,ダート・良,,0,0,0,0,0,0%,0%,0%,0%,0%,ダート・稍重,,0,0,0,0,0,0%,0%,0%,0%,0%,ダート・重,,0,0,0,0,0,0%,0%,0%,0%,0%,ダート・不良,,0,1,0,0,1,0%,100%,100%,0%,130%,2024104799,ラブミービューティ,中3週,,0,0,0,0,0,0%,0%,0%,0%,0%,55kg,,0,1,0,0,1,0%,100%,100%,0%,130%,馬体重,連対時馬体重442kg～442kg,,,,,,,,,,,2024104799,ラブミービューティ,全成績,,0,1,0,0,1,0%,100%,100%,0%,130%,全成績,,0,1,0,0,1,0%,100%,100%,0%,130%,2024104799,ラブミービューティ,全成績,,0,1,0,0,1,0%,100%,100%,0%,130%,全成績,,0,1,0,0,1,0%,100%,100%,0%,130%,1,0.0,0.0,3,1,0.0,0.0,H,,○,○,,,◎,,○,◎
202646090605,9,2024102055,ザケンロクエン,,,,,,,,,,,,,,,,2026.08.23,金沢,7,2歳2,,ダ1400,1:37.9,良,7,2,7,浅野登生,52.0,7-7-7-7,43.1,404,-1,ハートサイン(3.2),,2026.08.09,金沢,7,優翔&香(2歳),,ダ1400,1:37.7,不,7,7,7,青柳正義,55.0,5-6-7-7,42.0,405,+3,キーントゥウィン(2.6),,2026.07.26,金沢,5,けんご&(2歳),,ダ1400,1:37.8,不,5,5,5,栗原大河,55.0,3-3-3-3,42.6,402,0,ジーティーエナジー(2.3),,2026.07.12,金沢,5,2歳2,,ダ1400,1:37.5,良,10,5,10,栗原大河,55.0,7-8-4-4,42.6,402,-2,ケーズグロリア(2.3),,2026.06.28,金沢,4,2歳新馬,,ダ900,1:00.9,重,4,3,4,青柳正義,55.0,2-4,41.1,404,0,レーヌノワール(3.2),,2024102055,ザケンロクエン,,青柳正義,,,,,,,,,,,202646071204,２歳２,20260712,金沢,良,-12,55,1:37.5,42.6,5,差,5,M,牝,2,,,,,,,,,,,,,,,,202646071204,２歳２,20260712,金沢,良,-12,55,1:37.5,42.6,5,差,5,M,牝,2,,,,,,,,,,,,,,,,2024102055,ザケンロクエン,ヴァンゴッホ,ネイティヴダンサー系,ハービンジャー,ノーザンダンサー系,牝2,55.0,,青柳正義,a01e5,,池田敦,a05f8,0.0,9,8枠,225,204,208,1482,2119,10%,20%,30%,72%,62%,2024102055,ザケンロクエン,差,797,892,913,4670,7272,10%,23%,35%,73%,76%,2024102055,ザケンロクエン,青柳正義,136,149,131,474,890,15%,32%,46%,60%,79%,2024102055,ザケンロクエン,池田敦,35,35,29,152,251,13%,27%,39%,64%,72%,2024102055,ザケンロクエン,ヴァンゴッホ,0,1,0,8,9,0%,11%,11%,0%,12%,2024102055,ザケンロクエン,,0,0,0,0,0,0%,0%,0%,0%,0%,2024102055,ザケンロクエン,金沢ダート1400m,2024102055,ザケンロクエン,0,0,0,4,4,0%,0%,0%,0%,0%,,,,,,,,,,,,,,,,,,,,,,,,,,,,,,,,,,,,,,,,,,,,,,,,,,,,,,,,,,,,,,,,,,,,,,,,,,,,,,,2024102055,ザケンロクエン,ダート1400m,,0,0,0,4,4,0%,0%,0%,0%,0%,ダート1300m,,0,0,0,0,0,0%,0%,0%,0%,0%,ダート1500m,,0,0,0,0,0,0%,0%,0%,0%,0%,ダート1700m,,0,0,0,0,0,0%,0%,0%,0%,0%,全成績,,0,0,0,5,5,0%,0%,0%,0%,0%,2024102055,ザケンロクエン,ダート金沢,,0,0,0,5,5,0%,0%,0%,0%,0%,ダート・右,,0,0,0,5,5,0%,0%,0%,0%,0%,ダート・左,,0,0,0,0,0,0%,0%,0%,0%,0%,全成績,,0,0,0,5,5,0%,0%,0%,0%,0%,2024102055,ザケンロクエン,ダート・良,,0,0,0,2,2,0%,0%,0%,0%,0%,ダート・稍重,,0,0,0,0,0,0%,0%,0%,0%,0%,ダート・重,,0,0,0,1,1,0%,0%,0%,0%,0%,ダート・不良,,0,0,0,2,2,0%,0%,0%,0%,0%,2024102055,ザケンロクエン,中1週,,0,0,0,4,4,0%,0%,0%,0%,0%,55kg,,0,0,0,4,4,0%,0%,0%,0%,0%,馬体重,連対時馬体重kg～kg,,,,,,,,,,,2024102055,ザケンロクエン,全成績,,0,0,0,5,5,0%,0%,0%,0%,0%,全成績,,0,0,0,5,5,0%,0%,0%,0%,0%,2024102055,ザケンロクエン,全成績,,0,0,0,5,5,0%,0%,0%,0%,0%,全成績,,0,0,0,5,5,0%,0%,0%,0%,0%,8,95.81,9.53,2,9,100.0,9.94,H,▲,,,,,,,,
